1:180,105,135,195,90,105,135,195,90,135,225,135,180,135,45,135,
2:180,109,145,191,90,109,145,191,90,134,225,136,180,134,45,136,
3:180,111,148,189,90,111,148,189,90,134,225,136,180,134,45,136,
4:180,112,151,187,90,112,151,187,90,134,224,137,180,134,46,137,
5:180,113,154,186,90,113,154,186,90,134,224,137,180,134,46,137,
6:180,114,156,185,90,114,156,185,90,134,223,138,180,134,47,138,
7:180,115,158,184,90,115,158,184,90,134,223,138,180,134,47,138,
8:180,116,160,183,90,116,160,183,90,134,222,138,180,134,48,138,
9:180,117,161,182,90,117,161,182,90,134,222,139,180,134,48,139,
10:180,117,163,181,90,117,163,181,90,134,222,139,180,134,48,139,
11:180,118,164,180,90,118,164,180,90,134,221,140,180,134,49,140,
12:180,118,166,179,90,118,166,179,90,134,221,140,180,134,49,140,
13:180,119,167,178,90,119,167,178,90,134,220,141,180,134,50,141,
14:180,120,169,178,90,120,169,178,90,134,220,141,180,134,50,141,
15:180,120,170,177,90,120,170,177,90,134,219,141,180,134,51,141,
16:180,121,171,176,90,121,171,176,90,134,219,142,180,134,51,142,
17:180,121,172,175,90,121,172,175,90,134,218,142,180,134,52,142,
18:180,121,173,175,90,121,173,175,90,134,218,143,180,134,52,143,
19:180,122,174,174,90,122,174,174,90,134,217,143,180,134,53,143,
20:180,122,175,173,90,122,175,173,90,134,217,144,180,134,53,144,
21:180,123,176,173,90,123,176,173,90,134,216,144,180,134,54,144,
22:180,123,178,172,90,123,178,172,90,134,216,144,180,134,54,144,
23:180,123,178,171,90,123,178,171,90,134,215,145,180,134,55,145,
24:180,124,179,171,90,124,179,171,90,134,215,145,180,134,55,145,
25:180,124,180,170,90,124,180,170,90,134,214,146,180,134,56,146,
26:180,125,181,170,90,125,181,170,90,134,214,146,180,134,56,146,
27:180,125,182,169,90,125,182,169,90,133,213,147,180,133,57,147,
28:180,125,183,169,90,125,183,169,90,133,213,147,180,133,57,147,
29:180,125,184,168,90,125,184,168,90,133,212,147,180,133,58,147,
30:180,126,185,167,90,126,185,167,90,133,212,148,180,133,58,148,
31:180,126,186,167,90,126,186,167,90,133,211,148,180,133,59,148,
32:180,126,187,166,90,126,187,166,90,133,211,149,180,133,59,149,
33:180,127,187,166,90,127,187,166,90,133,210,149,180,133,60,149,
34:180,127,188,165,90,127,188,165,90,133,210,150,180,133,60,150,
35:180,127,189,165,90,127,189,165,90,133,209,150,180,133,61,150,
36:180,127,190,164,90,127,190,164,90,133,209,151,180,133,61,151,
37:180,128,190,164,90,128,190,164,90,132,208,151,180,132,62,151,
38:180,128,191,163,90,128,191,163,90,132,207,151,180,132,63,151,
39:180,128,192,163,90,128,192,163,90,132,207,152,180,132,63,152,
40:180,128,193,162,90,128,193,162,90,132,206,152,180,132,64,152,
41:180,129,193,162,90,129,193,162,90,132,206,153,180,132,64,153,
42:180,129,194,161,90,129,194,161,90,132,205,153,180,132,65,153,
43:180,129,195,161,90,129,195,161,90,132,204,154,180,132,66,154,
44:180,129,196,160,90,129,196,160,90,131,204,154,180,131,66,154,
45:180,129,196,160,90,129,196,160,90,131,203,155,180,131,67,155,
46:180,130,197,159,90,130,197,159,90,131,203,155,180,131,67,155,
47:180,130,198,159,90,130,198,159,90,131,202,155,180,131,68,155,
48:180,130,198,158,90,130,198,158,90,131,201,156,180,131,69,156,
49:180,130,199,158,90,130,199,158,90,131,201,156,180,131,69,156,
50:180,130,200,157,90,130,200,157,90,131,200,157,180,131,70,157,
51:180,131,200,157,90,131,200,157,90,130,200,157,180,130,70,157,
52:180,131,201,156,90,131,201,156,90,130,199,158,180,130,71,158,
53:180,131,201,156,90,131,201,156,90,130,198,158,180,130,72,158,
54:180,131,202,155,90,131,202,155,90,130,198,159,180,130,72,159,
55:180,131,203,155,90,131,203,155,90,130,197,159,180,130,73,159,
56:180,131,203,155,90,131,203,155,90,129,196,160,180,129,74,160,
57:180,131,204,154,90,131,204,154,90,129,196,160,180,129,74,160,
58:180,132,204,154,90,132,204,154,90,129,195,161,180,129,75,161,
59:180,132,205,153,90,132,205,153,90,129,194,161,180,129,76,161,
60:180,132,206,153,90,132,206,153,90,129,193,162,180,129,77,162,
61:180,132,206,152,90,132,206,152,90,128,193,162,180,128,77,162,
62:180,132,207,152,90,132,207,152,90,128,192,163,180,128,78,163,
63:180,132,207,151,90,132,207,151,90,128,191,163,180,128,79,163,
64:180,132,208,151,90,132,208,151,90,128,190,164,180,128,80,164,
65:180,133,209,151,90,133,209,151,90,127,190,164,180,127,80,164,
66:180,133,209,150,90,133,209,150,90,127,189,165,180,127,81,165,
67:180,133,210,150,90,133,210,150,90,127,188,165,180,127,82,165,
68:180,133,210,149,90,133,210,149,90,127,187,166,180,127,83,166,
69:180,133,211,149,90,133,211,149,90,126,187,166,180,126,83,166,
70:180,133,211,148,90,133,211,148,90,126,186,167,180,126,84,167,
71:180,133,212,148,90,133,212,148,90,126,185,167,180,126,85,167,
72:180,133,212,147,90,133,212,147,90,125,184,168,180,125,86,168,
73:180,133,213,147,90,133,213,147,90,125,183,169,180,125,87,169,
74:180,133,213,147,90,133,213,147,90,125,182,169,180,125,88,169,
75:180,134,214,146,90,134,214,146,90,125,181,170,180,125,89,170,
76:180,134,214,146,90,134,214,146,90,124,180,170,180,124,90,170,
77:180,134,215,145,90,134,215,145,90,124,179,171,180,124,91,171,
78:180,134,215,145,90,134,215,145,90,123,178,171,180,123,92,171,
79:180,134,216,144,90,134,216,144,90,123,178,172,180,123,92,172,
80:180,134,216,144,90,134,216,144,90,123,176,173,180,123,94,173,
81:180,134,217,144,90,134,217,144,90,122,175,173,180,122,95,173,
82:180,134,217,143,90,134,217,143,90,122,174,174,180,122,96,174,
83:180,134,218,143,90,134,218,143,90,121,173,175,180,121,97,175,
84:180,134,218,142,90,134,218,142,90,121,172,175,180,121,98,175,
85:180,134,219,142,90,134,219,142,90,121,171,176,180,121,99,176,
86:180,134,219,141,90,134,219,141,90,120,170,177,180,120,100,177,
87:180,134,220,141,90,134,220,141,90,120,169,178,180,120,101,178,
88:180,134,220,141,90,134,220,141,90,119,167,178,180,119,103,178,
89:180,134,221,140,90,134,221,140,90,118,166,179,180,118,104,179,
90:180,134,221,140,90,134,221,140,90,118,164,180,180,118,106,180,
91:180,134,222,139,90,134,222,139,90,117,163,181,180,117,107,181,
92:180,134,222,139,90,134,222,139,90,117,161,182,180,117,109,182,
93:180,134,222,138,90,134,222,138,90,116,160,183,180,116,110,183,
94:180,134,223,138,90,134,223,138,90,115,158,184,180,115,112,184,
95:180,134,223,138,90,134,223,138,90,114,156,185,180,114,114,185,
96:180,134,224,137,90,134,224,137,90,113,154,186,180,113,116,186,
97:180,134,224,137,90,134,224,137,90,112,151,187,180,112,119,187,
98:180,134,225,136,90,134,225,136,90,111,148,189,180,111,122,189,
99:180,134,225,136,90,134,225,136,90,109,145,191,180,109,125,191,
100:180,135,225,135,90,135,225,135,90,105,136,195,180,105,134,195,
